5086009737863421480
-8489062109923315802
2654146141756498896
6001407047772708613
6001407047772708613
5086009737863421480
-8489062109923315802
2654146141756498896
-2737970948000518438
4903202840966145749
-8462254460317224899
6952696857540161325
6952696857540161325
-2737970948000518438
4903202840966145749
-8462254460317224899
5640565837436733997
4403233696011383647
-3197796329806603802
-7942855887384335154
-1807228860715443191
-768524778099270542
8959394401660324635
4792604679749016360
-2787304927910501080
8825529060301418307
-2121925093365694253
3859445658738681192
5759937704391890255
5269995619315783924
-5191561296584739272
5702236442294591449
-6560124707093890665
1472005338119601937
1206183960425215222
9166747588424978178
-101554752070104793
-5950535096456954004
6405929446374629077
4319098437784119733
-2968792394806927418
-5195418224593324833
-2010425472061674319
2373080989674107387
6409911007645087684
-8709462043467319373
4359529412283809203
-1321954711045039659
-4060358235611987883
-1393029872165221868
-1849597742277088461
3998240803004364746
4554330201705849785
7434277949337796544
4480839687844204651
7143245382613552461
1976753328609179817
1689784076528360128
-2924148233433205489
-8103566060928026802
-1394339831943871911
4554068785070561279
-3387104633383448495
-2433250612710331447
4554330201705849785
7434277949337796544
4480839687844204651
7143245382613552461
-4060358235611987883
-1393029872165221868
-1849597742277088461
3998240803004364746
-1394339831943871911
4554068785070561279
-3387104633383448495
-2433250612710331447
1976753328609179817
1689784076528360128
-2924148233433205489
-8103566060928026802
-101554752070104793
-5950535096456954004
6405929446374629077
4319098437784119733
-6560124707093890665
1472005338119601937
1206183960425215222
9166747588424978178
6409911007645087684
-8709462043467319373
4359529412283809203
-1321954711045039659
-2968792394806927418
-5195418224593324833
-2010425472061674319
2373080989674107387
-1807228860715443191
-768524778099270542
8959394401660324635
4792604679749016360
5640565837436733997
4403233696011383647
-3197796329806603802
-7942855887384335154
5759937704391890255
5269995619315783924
-5191561296584739272
5702236442294591449
-2787304927910501080
8825529060301418307
-2121925093365694253
3859445658738681192
6001407047772708613
5086009737863421480
-8489062109923315802
2654146141756498896
5086009737863421480
-8489062109923315802
2654146141756498896
6001407047772708613
6952696857540161325
-2737970948000518438
4903202840966145749
-8462254460317224899
-2737970948000518438
4903202840966145749
-8462254460317224899
6952696857540161325
-768524778099270542
8959394401660324635
4792604679749016360
-1807228860715443191
-7942855887384335154
5640565837436733997
4403233696011383647
-3197796329806603802
5269995619315783924
-5191561296584739272
5702236442294591449
5759937704391890255
3859445658738681192
-2787304927910501080
8825529060301418307
-2121925093365694253
-994927434332591609
-5603326290863065513
-5241075823518839185
7384034648755542736
7384034648755542736
-994927434332591609
-5603326290863065513
-5241075823518839185
-4547841106634493331
5173298499858368478
694224857245476255
-8543857569417718986
-8543857569417718986
-4547841106634493331
5173298499858368478
694224857245476255
-7891206756668509227
4043125569211285064
3905244003104699752
-1737260930097813019
-5254257055247219885
7275984169118471887
-8338373590653224994
-1744950929807885938
-457513920940937813
7958268386566535734
3391891501317131894
283679742328378770
-1488702362709032016
8061036971147564892
1662508276536336186
6701945994703540839
-597139963911191945
3303435985385076679
8737817785410561905
3065005423740201201
-1617722865637822329
7652471604764715948
-3725841305328452893
-7894087658911061092
-1016585797333179810
379965432288070104
4959112569850812880
-9153365470426257336
-5172542654338858392
609873136130639709
-6847265502950527831
-8692842863724319934
-1617722865637822329
7652471604764715948
-3725841305328452893
-7894087658911061092
-597139963911191945
3303435985385076679
8737817785410561905
3065005423740201201
-5172542654338858392
609873136130639709
-6847265502950527831
-8692842863724319934
-1016585797333179810
379965432288070104
4959112569850812880
-9153365470426257336
-5254257055247219885
7275984169118471887
-8338373590653224994
-1744950929807885938
-7891206756668509227
4043125569211285064
3905244003104699752
-1737260930097813019
-1488702362709032016
8061036971147564892
1662508276536336186
6701945994703540839
-457513920940937813
7958268386566535734
3391891501317131894
283679742328378770
7384034648755542736
-994927434332591609
-5603326290863065513
-5241075823518839185
-994927434332591609
-5603326290863065513
-5241075823518839185
7384034648755542736
-8543857569417718986
-4547841106634493331
5173298499858368478
694224857245476255
-4547841106634493331
5173298499858368478
694224857245476255
-8543857569417718986
-7942855887384335154
5640565837436733997
4403233696011383647
-3197796329806603802
-768524778099270542
8959394401660324635
4792604679749016360
-1807228860715443191
3859445658738681192
-2787304927910501080
8825529060301418307
-2121925093365694253
5269995619315783924
-5191561296584739272
5702236442294591449
5759937704391890255
-5950535096456954004
6405929446374629077
4319098437784119733
-101554752070104793
9166747588424978178
-6560124707093890665
1472005338119601937
1206183960425215222
-8709462043467319373
4359529412283809203
-1321954711045039659
6409911007645087684
2373080989674107387
-2968792394806927418
-5195418224593324833
-2010425472061674319
7275984169118471887
-8338373590653224994
-1744950929807885938
-5254257055247219885
-1737260930097813019
-7891206756668509227
4043125569211285064
3905244003104699752
8061036971147564892
1662508276536336186
6701945994703540839
-1488702362709032016
283679742328378770
-457513920940937813
7958268386566535734
3391891501317131894
-2835947706307868146
4866979095780929834
-2614455471311901789
-2972071459220250240
-2972071459220250240
-2835947706307868146
4866979095780929834
-2614455471311901789
-2330418582875504241
4323085498226694216
7028014351941329442
-4483329333801163141
-4483329333801163141
-2330418582875504241
4323085498226694216
7028014351941329442
-935188932470869136
-4741289274782165744
-5376123073824826501
6843079328075716823
-5922688817592340519
1508633942890193386
-6221229557129472774
8161886742010630784
4919682631209742520
849050612259051254
8233366957514416562
-965602068296254067
8374907321262975761
1551495541589122395
-1492021615136403538
2879829922352347724
-5922688817592340519
1508633942890193386
-6221229557129472774
8161886742010630784
-935188932470869136
-4741289274782165744
-5376123073824826501
6843079328075716823
8374907321262975761
1551495541589122395
-1492021615136403538
2879829922352347724
4919682631209742520
849050612259051254
8233366957514416562
-965602068296254067
-2972071459220250240
-2835947706307868146
4866979095780929834
-2614455471311901789
-2835947706307868146
4866979095780929834
-2614455471311901789
-2972071459220250240
-4483329333801163141
-2330418582875504241
4323085498226694216
7028014351941329442
-2330418582875504241
4323085498226694216
7028014351941329442
-4483329333801163141
-1737260930097813019
-7891206756668509227
4043125569211285064
3905244003104699752
7275984169118471887
-8338373590653224994
-1744950929807885938
-5254257055247219885
283679742328378770
-457513920940937813
7958268386566535734
3391891501317131894
8061036971147564892
1662508276536336186
6701945994703540839
-1488702362709032016
9166747588424978178
-6560124707093890665
1472005338119601937
1206183960425215222
-5950535096456954004
6405929446374629077
4319098437784119733
-101554752070104793
2373080989674107387
-2968792394806927418
-5195418224593324833
-2010425472061674319
-8709462043467319373
4359529412283809203
-1321954711045039659
6409911007645087684
7434277949337796544
4480839687844204651
7143245382613552461
4554330201705849785
3998240803004364746
-4060358235611987883
-1393029872165221868
-1849597742277088461
4554068785070561279
-3387104633383448495
-2433250612710331447
-1394339831943871911
-8103566060928026802
1976753328609179817
1689784076528360128
-2924148233433205489
7652471604764715948
-3725841305328452893
-7894087658911061092
-1617722865637822329
3065005423740201201
-597139963911191945
3303435985385076679
8737817785410561905
609873136130639709
-6847265502950527831
-8692842863724319934
-5172542654338858392
-9153365470426257336
-1016585797333179810
379965432288070104
4959112569850812880
1508633942890193386
-6221229557129472774
8161886742010630784
-5922688817592340519
6843079328075716823
-935188932470869136
-4741289274782165744
-5376123073824826501
1551495541589122395
-1492021615136403538
2879829922352347724
8374907321262975761
-965602068296254067
4919682631209742520
849050612259051254
8233366957514416562
6089706980283280233
-4908465100560583030
1639034373564351659
-8293448764556880809
-8293448764556880809
6089706980283280233
-4908465100560583030
1639034373564351659
-9064789723584668642
3649040588675313912
4916448856280606158
1010339883754689339
1010339883754689339
-9064789723584668642
3649040588675313912
4916448856280606158
-8293448764556880809
6089706980283280233
-4908465100560583030
1639034373564351659
6089706980283280233
-4908465100560583030
1639034373564351659
-8293448764556880809
1010339883754689339
-9064789723584668642
3649040588675313912
4916448856280606158
-9064789723584668642
3649040588675313912
4916448856280606158
1010339883754689339
6843079328075716823
-935188932470869136
-4741289274782165744
-5376123073824826501
1508633942890193386
-6221229557129472774
8161886742010630784
-5922688817592340519
-965602068296254067
4919682631209742520
849050612259051254
8233366957514416562
1551495541589122395
-1492021615136403538
2879829922352347724
8374907321262975761
3065005423740201201
-597139963911191945
3303435985385076679
8737817785410561905
7652471604764715948
-3725841305328452893
-7894087658911061092
-1617722865637822329
-9153365470426257336
-1016585797333179810
379965432288070104
4959112569850812880
609873136130639709
-6847265502950527831
-8692842863724319934
-5172542654338858392
3998240803004364746
-4060358235611987883
-1393029872165221868
-1849597742277088461
7434277949337796544
4480839687844204651
7143245382613552461
4554330201705849785
-8103566060928026802
1976753328609179817
1689784076528360128
-2924148233433205489
4554068785070561279
-3387104633383448495
-2433250612710331447
-1394339831943871911
-1393029872165221868
-1849597742277088461
3998240803004364746
-4060358235611987883
7143245382613552461
4554330201705849785
7434277949337796544
4480839687844204651
1689784076528360128
-2924148233433205489
-8103566060928026802
1976753328609179817
-2433250612710331447
-1394339831943871911
4554068785070561279
-3387104633383448495
3303435985385076679
8737817785410561905
3065005423740201201
-597139963911191945
-7894087658911061092
-1617722865637822329
7652471604764715948
-3725841305328452893
379965432288070104
4959112569850812880
-9153365470426257336
-1016585797333179810
-8692842863724319934
-5172542654338858392
609873136130639709
-6847265502950527831
-4741289274782165744
-5376123073824826501
6843079328075716823
-935188932470869136
8161886742010630784
-5922688817592340519
1508633942890193386
-6221229557129472774
849050612259051254
8233366957514416562
-965602068296254067
4919682631209742520
2879829922352347724
8374907321262975761
1551495541589122395
-1492021615136403538
-4908465100560583030
1639034373564351659
-8293448764556880809
6089706980283280233
1639034373564351659
-8293448764556880809
6089706980283280233
-4908465100560583030
3649040588675313912
4916448856280606158
1010339883754689339
-9064789723584668642
4916448856280606158
1010339883754689339
-9064789723584668642
3649040588675313912
1639034373564351659
-8293448764556880809
6089706980283280233
-4908465100560583030
-4908465100560583030
1639034373564351659
-8293448764556880809
6089706980283280233
4916448856280606158
1010339883754689339
-9064789723584668642
3649040588675313912
3649040588675313912
4916448856280606158
1010339883754689339
-9064789723584668642
8161886742010630784
-5922688817592340519
1508633942890193386
-6221229557129472774
-4741289274782165744
-5376123073824826501
6843079328075716823
-935188932470869136
2879829922352347724
8374907321262975761
1551495541589122395
-1492021615136403538
849050612259051254
8233366957514416562
-965602068296254067
4919682631209742520
-7894087658911061092
-1617722865637822329
7652471604764715948
-3725841305328452893
3303435985385076679
8737817785410561905
3065005423740201201
-597139963911191945
-8692842863724319934
-5172542654338858392
609873136130639709
-6847265502950527831
379965432288070104
4959112569850812880
-9153365470426257336
-1016585797333179810
7143245382613552461
4554330201705849785
7434277949337796544
4480839687844204651
-1393029872165221868
-1849597742277088461
3998240803004364746
-4060358235611987883
-2433250612710331447
-1394339831943871911
4554068785070561279
-3387104633383448495
1689784076528360128
-2924148233433205489
-8103566060928026802
1976753328609179817
1472005338119601937
1206183960425215222
9166747588424978178
-6560124707093890665
4319098437784119733
-101554752070104793
-5950535096456954004
6405929446374629077
-5195418224593324833
-2010425472061674319
2373080989674107387
-2968792394806927418
-1321954711045039659
6409911007645087684
-8709462043467319373
4359529412283809203
4043125569211285064
3905244003104699752
-1737260930097813019
-7891206756668509227
-1744950929807885938
-5254257055247219885
7275984169118471887
-8338373590653224994
7958268386566535734
3391891501317131894
283679742328378770
-457513920940937813
6701945994703540839
-1488702362709032016
8061036971147564892
1662508276536336186
4866979095780929834
-2614455471311901789
-2972071459220250240
-2835947706307868146
-2614455471311901789
-2972071459220250240
-2835947706307868146
4866979095780929834
4323085498226694216
7028014351941329442
-4483329333801163141
-2330418582875504241
7028014351941329442
-4483329333801163141
-2330418582875504241
4323085498226694216
-6221229557129472774
8161886742010630784
-5922688817592340519
1508633942890193386
-5376123073824826501
6843079328075716823
-935188932470869136
-4741289274782165744
-1492021615136403538
2879829922352347724
8374907321262975761
1551495541589122395
8233366957514416562
-965602068296254067
4919682631209742520
849050612259051254
-5376123073824826501
6843079328075716823
-935188932470869136
-4741289274782165744
-6221229557129472774
8161886742010630784
-5922688817592340519
1508633942890193386
8233366957514416562
-965602068296254067
4919682631209742520
849050612259051254
-1492021615136403538
2879829922352347724
8374907321262975761
1551495541589122395
-2614455471311901789
-2972071459220250240
-2835947706307868146
4866979095780929834
4866979095780929834
-2614455471311901789
-2972071459220250240
-2835947706307868146
7028014351941329442
-4483329333801163141
-2330418582875504241
4323085498226694216
4323085498226694216
7028014351941329442
-4483329333801163141
-2330418582875504241
-1744950929807885938
-5254257055247219885
7275984169118471887
-8338373590653224994
4043125569211285064
3905244003104699752
-1737260930097813019
-7891206756668509227
6701945994703540839
-1488702362709032016
8061036971147564892
1662508276536336186
7958268386566535734
3391891501317131894
283679742328378770
-457513920940937813
4319098437784119733
-101554752070104793
-5950535096456954004
6405929446374629077
1472005338119601937
1206183960425215222
9166747588424978178
-6560124707093890665
-1321954711045039659
6409911007645087684
-8709462043467319373
4359529412283809203
-5195418224593324833
-2010425472061674319
2373080989674107387
-2968792394806927418
4403233696011383647
-3197796329806603802
-7942855887384335154
5640565837436733997
4792604679749016360
-1807228860715443191
-768524778099270542
8959394401660324635
8825529060301418307
-2121925093365694253
3859445658738681192
-2787304927910501080
5702236442294591449
5759937704391890255
5269995619315783924
-5191561296584739272
-5603326290863065513
-5241075823518839185
7384034648755542736
-994927434332591609
-5241075823518839185
7384034648755542736
-994927434332591609
-5603326290863065513
5173298499858368478
694224857245476255
-8543857569417718986
-4547841106634493331
694224857245476255
-8543857569417718986
-4547841106634493331
5173298499858368478
-8338373590653224994
-1744950929807885938
-5254257055247219885
7275984169118471887
3905244003104699752
-1737260930097813019
-7891206756668509227
4043125569211285064
1662508276536336186
6701945994703540839
-1488702362709032016
8061036971147564892
3391891501317131894
283679742328378770
-457513920940937813
7958268386566535734
-3725841305328452893
-7894087658911061092
-1617722865637822329
7652471604764715948
8737817785410561905
3065005423740201201
-597139963911191945
3303435985385076679
-6847265502950527831
-8692842863724319934
-5172542654338858392
609873136130639709
4959112569850812880
-9153365470426257336
-1016585797333179810
379965432288070104
8737817785410561905
3065005423740201201
-597139963911191945
3303435985385076679
-3725841305328452893
-7894087658911061092
-1617722865637822329
7652471604764715948
4959112569850812880
-9153365470426257336
-1016585797333179810
379965432288070104
-6847265502950527831
-8692842863724319934
-5172542654338858392
609873136130639709
3905244003104699752
-1737260930097813019
-7891206756668509227
4043125569211285064
-8338373590653224994
-1744950929807885938
-5254257055247219885
7275984169118471887
3391891501317131894
283679742328378770
-457513920940937813
7958268386566535734
1662508276536336186
6701945994703540839
-1488702362709032016
8061036971147564892
-5241075823518839185
7384034648755542736
-994927434332591609
-5603326290863065513
-5603326290863065513
-5241075823518839185
7384034648755542736
-994927434332591609
694224857245476255
-8543857569417718986
-4547841106634493331
5173298499858368478
5173298499858368478
694224857245476255
-8543857569417718986
-4547841106634493331
4792604679749016360
-1807228860715443191
-768524778099270542
8959394401660324635
4403233696011383647
-3197796329806603802
-7942855887384335154
5640565837436733997
5702236442294591449
5759937704391890255
5269995619315783924
-5191561296584739272
8825529060301418307
-2121925093365694253
3859445658738681192
-2787304927910501080
-8489062109923315802
2654146141756498896
6001407047772708613
5086009737863421480
2654146141756498896
6001407047772708613
5086009737863421480
-8489062109923315802
4903202840966145749
-8462254460317224899
6952696857540161325
-2737970948000518438
-8462254460317224899
6952696857540161325
-2737970948000518438
4903202840966145749
8959394401660324635
4792604679749016360
-1807228860715443191
-768524778099270542
-3197796329806603802
-7942855887384335154
5640565837436733997
4403233696011383647
-5191561296584739272
5702236442294591449
5759937704391890255
5269995619315783924
-2121925093365694253
3859445658738681192
-2787304927910501080
8825529060301418307
6405929446374629077
4319098437784119733
-101554752070104793
-5950535096456954004
1206183960425215222
9166747588424978178
-6560124707093890665
1472005338119601937
4359529412283809203
-1321954711045039659
6409911007645087684
-8709462043467319373
-2010425472061674319
2373080989674107387
-2968792394806927418
-5195418224593324833
4480839687844204651
7143245382613552461
4554330201705849785
7434277949337796544
-1849597742277088461
3998240803004364746
-4060358235611987883
-1393029872165221868
-3387104633383448495
-2433250612710331447
-1394339831943871911
4554068785070561279
-2924148233433205489
-8103566060928026802
1976753328609179817
1689784076528360128
-1849597742277088461
3998240803004364746
-4060358235611987883
-1393029872165221868
4480839687844204651
7143245382613552461
4554330201705849785
7434277949337796544
-2924148233433205489
-8103566060928026802
1976753328609179817
1689784076528360128
-3387104633383448495
-2433250612710331447
-1394339831943871911
4554068785070561279
1206183960425215222
9166747588424978178
-6560124707093890665
1472005338119601937
6405929446374629077
4319098437784119733
-101554752070104793
-5950535096456954004
-2010425472061674319
2373080989674107387
-2968792394806927418
-5195418224593324833
4359529412283809203
-1321954711045039659
6409911007645087684
-8709462043467319373
-3197796329806603802
-7942855887384335154
5640565837436733997
4403233696011383647
8959394401660324635
4792604679749016360
-1807228860715443191
-768524778099270542
-2121925093365694253
3859445658738681192
-2787304927910501080
8825529060301418307
-5191561296584739272
5702236442294591449
5759937704391890255
5269995619315783924
2654146141756498896
6001407047772708613
5086009737863421480
-8489062109923315802
-8489062109923315802
2654146141756498896
6001407047772708613
5086009737863421480
-8462254460317224899
6952696857540161325
-2737970948000518438
4903202840966145749
4903202840966145749
-8462254460317224899
6952696857540161325
-2737970948000518438
0
